(kicad_pcb (version 20171130) (host pcbnew 5.0.2-bee76a0~70~ubuntu18.04.1)

  (general
    (thickness 1.6)
    (drawings 39)
    (tracks 0)
    (zones 0)
    (modules 33)
    (nets 64)
  )

  (page A3)
  (title_block
    (date "15 nov 2012")
  )

  (layers
    (0 F.Cu signal)
    (31 B.Cu signal)
    (32 B.Adhes user)
    (33 F.Adhes user)
    (34 B.Paste user)
    (35 F.Paste user)
    (36 B.SilkS user)
    (37 F.SilkS user)
    (38 B.Mask user)
    (39 F.Mask user)
    (40 Dwgs.User user)
    (41 Cmts.User user)
    (42 Eco1.User user)
    (43 Eco2.User user)
    (44 Edge.Cuts user)
  )

  (setup
    (last_trace_width 0.2)
    (trace_clearance 0.2)
    (zone_clearance 0.508)
    (zone_45_only no)
    (trace_min 0.1524)
    (segment_width 0.1)
    (edge_width 0.1)
    (via_size 0.9)
    (via_drill 0.6)
    (via_min_size 0.8)
    (via_min_drill 0.5)
    (uvia_size 0.5)
    (uvia_drill 0.1)
    (uvias_allowed no)
    (uvia_min_size 0.5)
    (uvia_min_drill 0.1)
    (pcb_text_width 0.3)
    (pcb_text_size 1 1)
    (mod_edge_width 0.15)
    (mod_text_size 1 1)
    (mod_text_width 0.15)
    (pad_size 2.5 2.5)
    (pad_drill 2.5)
    (pad_to_mask_clearance 0)
    (solder_mask_min_width 0.25)
    (aux_axis_origin 200 150)
    (grid_origin 200 150)
    (visible_elements 7FFFFFFF)
    (pcbplotparams
      (layerselection 0x00030_80000001)
      (usegerberextensions true)
      (usegerberattributes false)
      (usegerberadvancedattributes false)
      (creategerberjobfile false)
      (excludeedgelayer true)
      (linewidth 0.150000)
      (plotframeref false)
      (viasonmask false)
      (mode 1)
      (useauxorigin false)
      (hpglpennumber 1)
      (hpglpenspeed 20)
      (hpglpendiameter 15.000000)
      (psnegative false)
      (psa4output false)
      (plotreference true)
      (plotvalue true)
      (plotinvisibletext false)
      (padsonsilk false)
      (subtractmaskfromsilk false)
      (outputformat 1)
      (mirror false)
      (drillshape 1)
      (scaleselection 1)
      (outputdirectory ""))
  )

  (net 0 "")
  (net 1 +3V3)
  (net 2 +5V)
  (net 3 GND)
  (net 4 /ID_SD)
  (net 5 /ID_SC)
  (net 6 /GPIO5)
  (net 7 /GPIO6)
  (net 8 /GPIO26)
  (net 9 "/GPIO2(SDA1)")
  (net 10 "/GPIO3(SCL1)")
  (net 11 "/GPIO4(GCLK)")
  (net 12 "/GPIO14(TXD0)")
  (net 13 "/GPIO15(RXD0)")
  (net 14 "/GPIO17(GEN0)")
  (net 15 "/GPIO27(GEN2)")
  (net 16 "/GPIO22(GEN3)")
  (net 17 "/GPIO23(GEN4)")
  (net 18 "/GPIO24(GEN5)")
  (net 19 "/GPIO25(GEN6)")
  (net 20 "/GPIO18(GEN1)(PWM0)")
  (net 21 "/GPIO10(SPI0_MOSI)")
  (net 22 "/GPIO9(SPI0_MISO)")
  (net 23 "/GPIO11(SPI0_SCK)")
  (net 24 "/GPIO8(SPI0_CE_N)")
  (net 25 "/GPIO7(SPI1_CE_N)")
  (net 26 "/GPIO12(PWM0)")
  (net 27 "/GPIO13(PWM1)")
  (net 28 "/GPIO19(SPI1_MISO)")
  (net 29 /GPIO16)
  (net 30 "/GPIO20(SPI1_MOSI)")
  (net 31 "/GPIO21(SPI1_SCK)")
  (net 32 "Net-(R4-Pad1)")
  (net 33 "Net-(C7-Pad2)")
  (net 34 "Net-(R5-Pad2)")
  (net 35 "Net-(C10-Pad2)")
  (net 36 "Net-(U1-Pad21)")
  (net 37 "Net-(C11-Pad1)")
  (net 38 "Net-(C1-Pad2)")
  (net 39 "Net-(C1-Pad1)")
  (net 40 "Net-(C2-Pad2)")
  (net 41 "Net-(C2-Pad1)")
  (net 42 "Net-(C5-Pad1)")
  (net 43 "Net-(C9-Pad1)")
  (net 44 "Net-(C9-Pad2)")
  (net 45 "Net-(C10-Pad1)")
  (net 46 "Net-(C11-Pad2)")
  (net 47 "Net-(R1-Pad1)")
  (net 48 "Net-(R1-Pad2)")
  (net 49 "Net-(R7-Pad2)")
  (net 50 /ADAIU761_ADDR0)
  (net 51 "Net-(U1-Pad5)")
  (net 52 /ROUTP)
  (net 53 /ROUTN)
  (net 54 /LOUTN)
  (net 55 /LOUTP)
  (net 56 /ADC_SDATA)
  (net 57 /DAC_SDATA)
  (net 58 "Net-(R8-Pad1)")
  (net 59 /LRCLK)
  (net 60 /ADAIU761_ADDR1)
  (net 61 /TWIO_SDA)
  (net 62 /TWI0_SCL)
  (net 63 "Net-(R7-Pad1)")

  (net_class Default "This is the default net class."
    (clearance 0.2)
    (trace_width 0.2)
    (via_dia 0.9)
    (via_drill 0.6)
    (uvia_dia 0.5)
    (uvia_drill 0.1)
    (add_net +3V3)
    (add_net +5V)
    (add_net /ADAIU761_ADDR0)
    (add_net /ADAIU761_ADDR1)
    (add_net /ADC_SDATA)
    (add_net /DAC_SDATA)
    (add_net "/GPIO10(SPI0_MOSI)")
    (add_net "/GPIO11(SPI0_SCK)")
    (add_net "/GPIO12(PWM0)")
    (add_net "/GPIO13(PWM1)")
    (add_net "/GPIO14(TXD0)")
    (add_net "/GPIO15(RXD0)")
    (add_net /GPIO16)
    (add_net "/GPIO17(GEN0)")
    (add_net "/GPIO18(GEN1)(PWM0)")
    (add_net "/GPIO19(SPI1_MISO)")
    (add_net "/GPIO2(SDA1)")
    (add_net "/GPIO20(SPI1_MOSI)")
    (add_net "/GPIO21(SPI1_SCK)")
    (add_net "/GPIO22(GEN3)")
    (add_net "/GPIO23(GEN4)")
    (add_net "/GPIO24(GEN5)")
    (add_net "/GPIO25(GEN6)")
    (add_net /GPIO26)
    (add_net "/GPIO27(GEN2)")
    (add_net "/GPIO3(SCL1)")
    (add_net "/GPIO4(GCLK)")
    (add_net /GPIO5)
    (add_net /GPIO6)
    (add_net "/GPIO7(SPI1_CE_N)")
    (add_net "/GPIO8(SPI0_CE_N)")
    (add_net "/GPIO9(SPI0_MISO)")
    (add_net /ID_SC)
    (add_net /ID_SD)
    (add_net /LOUTN)
    (add_net /LOUTP)
    (add_net /LRCLK)
    (add_net /ROUTN)
    (add_net /ROUTP)
    (add_net /TWI0_SCL)
    (add_net /TWIO_SDA)
    (add_net GND)
    (add_net "Net-(C1-Pad1)")
    (add_net "Net-(C1-Pad2)")
    (add_net "Net-(C10-Pad1)")
    (add_net "Net-(C10-Pad2)")
    (add_net "Net-(C11-Pad1)")
    (add_net "Net-(C11-Pad2)")
    (add_net "Net-(C2-Pad1)")
    (add_net "Net-(C2-Pad2)")
    (add_net "Net-(C5-Pad1)")
    (add_net "Net-(C7-Pad2)")
    (add_net "Net-(C9-Pad1)")
    (add_net "Net-(C9-Pad2)")
    (add_net "Net-(R1-Pad1)")
    (add_net "Net-(R1-Pad2)")
    (add_net "Net-(R4-Pad1)")
    (add_net "Net-(R5-Pad2)")
    (add_net "Net-(R7-Pad1)")
    (add_net "Net-(R7-Pad2)")
    (add_net "Net-(R8-Pad1)")
    (add_net "Net-(U1-Pad21)")
    (add_net "Net-(U1-Pad5)")
  )

  (net_class Power ""
    (clearance 0.2)
    (trace_width 0.5)
    (via_dia 1)
    (via_drill 0.7)
    (uvia_dia 0.5)
    (uvia_drill 0.1)
  )

  (module TerminalBlock:TerminalBlock_Altech_AK300-2_P5.00mm (layer F.Cu) (tedit 59FF0306) (tstamp 5CB52037)
    (at 208.89 139.84 90)
    (descr "Altech AK300 terminal block, pitch 5.0mm, 45 degree angled, see http://www.mouser.com/ds/2/16/PCBMETRC-24178.pdf")
    (tags "Altech AK300 terminal block pitch 5.0mm")
    (path /5CCA20D9)
    (fp_text reference J2 (at -1.92 -6.99 90) (layer F.SilkS)
      (effects (font (size 1 1) (thickness 0.15)))
    )
    (fp_text value AudioJack2_Ground_Switch (at 2.78 7.75 90) (layer F.Fab)
      (effects (font (size 1 1) (thickness 0.15)))
    )
    (fp_arc (start -1.13 -4.65) (end -1.42 -4.13) (angle 104.2) (layer F.Fab) (width 0.1))
    (fp_arc (start -0.01 -3.71) (end -1.62 -5) (angle 100) (layer F.Fab) (width 0.1))
    (fp_arc (start 0.06 -6.07) (end 1.53 -4.12) (angle 75.5) (layer F.Fab) (width 0.1))
    (fp_arc (start 1.03 -4.59) (end 1.53 -5.05) (angle 90.5) (layer F.Fab) (width 0.1))
    (fp_arc (start 3.87 -4.65) (end 3.58 -4.13) (angle 104.2) (layer F.Fab) (width 0.1))
    (fp_arc (start 4.99 -3.71) (end 3.39 -5) (angle 100) (layer F.Fab) (width 0.1))
    (fp_arc (start 5.07 -6.07) (end 6.53 -4.12) (angle 75.5) (layer F.Fab) (width 0.1))
    (fp_arc (start 6.03 -4.59) (end 6.54 -5.05) (angle 90.5) (layer F.Fab) (width 0.1))
    (fp_line (start 8.36 6.47) (end -2.83 6.47) (layer F.CrtYd) (width 0.05))
    (fp_line (start 8.36 6.47) (end 8.36 -6.47) (layer F.CrtYd) (width 0.05))
    (fp_line (start -2.83 -6.47) (end -2.83 6.47) (layer F.CrtYd) (width 0.05))
    (fp_line (start -2.83 -6.47) (end 8.36 -6.47) (layer F.CrtYd) (width 0.05))
    (fp_line (start 3.36 -0.25) (end 6.67 -0.25) (layer F.Fab) (width 0.1))
    (fp_line (start 2.98 -0.25) (end 3.36 -0.25) (layer F.Fab) (width 0.1))
    (fp_line (start 7.05 -0.25) (end 6.67 -0.25) (layer F.Fab) (width 0.1))
    (fp_line (start 6.67 -0.64) (end 3.36 -0.64) (layer F.Fab) (width 0.1))
    (fp_line (start 7.61 -0.64) (end 6.67 -0.64) (layer F.Fab) (width 0.1))
    (fp_line (start 1.66 -0.64) (end 3.36 -0.64) (layer F.Fab) (width 0.1))
    (fp_line (start -1.64 -0.64) (end 1.66 -0.64) (layer F.Fab) (width 0.1))
    (fp_line (start -2.58 -0.64) (end -1.64 -0.64) (layer F.Fab) (width 0.1))
    (fp_line (start 1.66 -0.25) (end -1.64 -0.25) (layer F.Fab) (width 0.1))
    (fp_line (start 2.04 -0.25) (end 1.66 -0.25) (layer F.Fab) (width 0.1))
    (fp_line (start -2.02 -0.25) (end -1.64 -0.25) (layer F.Fab) (width 0.1))
    (fp_line (start -1.49 -4.32) (end 1.56 -4.95) (layer F.Fab) (width 0.1))
    (fp_line (start -1.62 -4.45) (end 1.44 -5.08) (layer F.Fab) (width 0.1))
    (fp_line (start 3.52 -4.32) (end 6.56 -4.95) (layer F.Fab) (width 0.1))
    (fp_line (start 3.39 -4.45) (end 6.44 -5.08) (layer F.Fab) (width 0.1))
    (fp_line (start 2.04 -5.97) (end -2.02 -5.97) (layer F.Fab) (width 0.1))
    (fp_line (start -2.02 -3.43) (end -2.02 -5.97) (layer F.Fab) (width 0.1))
    (fp_line (start 2.04 -3.43) (end -2.02 -3.43) (layer F.Fab) (width 0.1))
    (fp_line (start 2.04 -3.43) (end 2.04 -5.97) (layer F.Fab) (width 0.1))
    (fp_line (start 7.05 -3.43) (end 2.98 -3.43) (layer F.Fab) (width 0.1))
    (fp_line (start 7.05 -5.97) (end 7.05 -3.43) (layer F.Fab) (width 0.1))
    (fp_line (start 2.98 -5.97) (end 7.05 -5.97) (layer F.Fab) (width 0.1))
    (fp_line (start 2.98 -3.43) (end 2.98 -5.97) (layer F.Fab) (width 0.1))
    (fp_line (start 7.61 -3.17) (end 7.61 -1.65) (layer F.Fab) (width 0.1))
    (fp_line (start -2.58 -3.17) (end -2.58 -6.22) (layer F.Fab) (width 0.1))
    (fp_line (start -2.58 -3.17) (end 7.61 -3.17) (layer F.Fab) (width 0.1))
    (fp_line (start 7.61 -0.64) (end 7.61 4.06) (layer F.Fab) (width 0.1))
    (fp_line (start 7.61 -1.65) (end 7.61 -0.64) (layer F.Fab) (width 0.1))
    (fp_line (start -2.58 -0.64) (end -2.58 -3.17) (layer F.Fab) (width 0.1))
    (fp_line (start -2.58 6.22) (end -2.58 -0.64) (layer F.Fab) (width 0.1))
    (fp_line (start 6.67 0.51) (end 6.28 0.51) (layer F.Fab) (width 0.1))
    (fp_line (start 3.36 0.51) (end 3.74 0.51) (layer F.Fab) (width 0.1))
    (fp_line (start 1.66 0.51) (end 1.28 0.51) (layer F.Fab) (width 0.1))
    (fp_line (start -1.64 0.51) (end -1.26 0.51) (layer F.Fab) (width 0.1))
    (fp_line (start -1.64 3.68) (end -1.64 0.51) (layer F.Fab) (width 0.1))
    (fp_line (start 1.66 3.68) (end -1.64 3.68) (layer F.Fab) (width 0.1))
    (fp_line (start 1.66 3.68) (end 1.66 0.51) (layer F.Fab) (width 0.1))
    (fp_line (start 3.36 3.68) (end 3.36 0.51) (layer F.Fab) (width 0.1))
    (fp_line (start 6.67 3.68) (end 3.36 3.68) (layer F.Fab) (width 0.1))
    (fp_line (start 6.67 3.68) (end 6.67 0.51) (layer F.Fab) (width 0.1))
    (fp_line (start -2.02 4.32) (end -2.02 6.22) (layer F.Fab) (width 0.1))
    (fp_line (start 2.04 4.32) (end 2.04 -0.25) (layer F.Fab) (width 0.1))
    (fp_line (start 2.04 4.32) (end -2.02 4.32) (layer F.Fab) (width 0.1))
    (fp_line (start 7.05 4.32) (end 7.05 6.22) (layer F.Fab) (width 0.1))
    (fp_line (start 2.98 4.32) (end 2.98 -0.25) (layer F.Fab) (width 0.1))
    (fp_line (start 2.98 4.32) (end 7.05 4.32) (layer F.Fab) (width 0.1))
    (fp_line (start -2.02 6.22) (end 2.04 6.22) (layer F.Fab) (width 0.1))
    (fp_line (start -2.58 6.22) (end -2.02 6.22) (layer F.Fab) (width 0.1))
    (fp_line (start -2.02 -0.25) (end -2.02 4.32) (layer F.Fab) (width 0.1))
    (fp_line (start 2.04 6.22) (end 2.98 6.22) (layer F.Fab) (width 0.1))
    (fp_line (start 2.04 6.22) (end 2.04 4.32) (layer F.Fab) (width 0.1))
    (fp_line (start 7.05 6.22) (end 7.61 6.22) (layer F.Fab) (width 0.1))
    (fp_line (start 2.98 6.22) (end 7.05 6.22) (layer F.Fab) (width 0.1))
    (fp_line (start 7.05 -0.25) (end 7.05 4.32) (layer F.Fab) (width 0.1))
    (fp_line (start 2.98 6.22) (end 2.98 4.32) (layer F.Fab) (width 0.1))
    (fp_line (start 8.11 3.81) (end 8.11 5.46) (layer F.Fab) (width 0.1))
    (fp_line (start 7.61 4.06) (end 7.61 5.21) (layer F.Fab) (width 0.1))
    (fp_line (start 8.11 3.81) (end 7.61 4.06) (layer F.Fab) (width 0.1))
    (fp_line (start 7.61 5.21) (end 7.61 6.22) (layer F.Fab) (width 0.1))
    (fp_line (start 8.11 5.46) (end 7.61 5.21) (layer F.Fab) (width 0.1))
    (fp_line (start 8.11 -1.4) (end 7.61 -1.65) (layer F.Fab) (width 0.1))
    (fp_line (start 8.11 -6.22) (end 8.11 -1.4) (layer F.Fab) (width 0.1))
    (fp_line (start 7.61 -6.22) (end 8.11 -6.22) (layer F.Fab) (width 0.1))
    (fp_line (start 7.61 -6.22) (end -2.58 -6.22) (layer F.Fab) (width 0.1))
    (fp_line (start 7.61 -6.22) (end 7.61 -3.17) (layer F.Fab) (width 0.1))
    (fp_line (start 3.74 2.54) (end 3.74 -0.25) (layer F.Fab) (width 0.1))
    (fp_line (start 3.74 -0.25) (end 6.28 -0.25) (layer F.Fab) (width 0.1))
    (fp_line (start 6.28 2.54) (end 6.28 -0.25) (layer F.Fab) (width 0.1))
    (fp_line (start 3.74 2.54) (end 6.28 2.54) (layer F.Fab) (width 0.1))
    (fp_line (start -1.26 2.54) (end -1.26 -0.25) (layer F.Fab) (width 0.1))
    (fp_line (start -1.26 -0.25) (end 1.28 -0.25) (layer F.Fab) (width 0.1))
    (fp_line (start 1.28 2.54) (end 1.28 -0.25) (layer F.Fab) (width 0.1))
    (fp_line (start -1.26 2.54) (end 1.28 2.54) (layer F.Fab) (width 0.1))
    (fp_line (start 8.2 -6.3) (end -2.65 -6.3) (layer F.SilkS) (width 0.12))
    (fp_line (start 8.2 -1.2) (end 8.2 -6.3) (layer F.SilkS) (width 0.12))
    (fp_line (start 7.7 -1.5) (end 8.2 -1.2) (layer F.SilkS) (width 0.12))
    (fp_line (start 7.7 3.9) (end 7.7 -1.5) (layer F.SilkS) (width 0.12))
    (fp_line (start 8.2 3.65) (end 7.7 3.9) (layer F.SilkS) (width 0.12))
    (fp_line (start 8.2 3.7) (end 8.2 3.65) (layer F.SilkS) (width 0.12))
    (fp_line (start 8.2 5.6) (end 8.2 3.7) (layer F.SilkS) (width 0.12))
    (fp_line (start 7.7 5.35) (end 8.2 5.6) (layer F.SilkS) (width 0.12))
    (fp_line (start 7.7 6.3) (end 7.7 5.35) (layer F.SilkS) (width 0.12))
    (fp_line (start -2.65 6.3) (end 7.7 6.3) (layer F.SilkS) (width 0.12))
    (fp_line (start -2.65 -6.3) (end -2.65 6.3) (layer F.SilkS) (width 0.12))
    (fp_text user %R (at 2.5 -2 90) (layer F.Fab)
      (effects (font (size 1 1) (thickness 0.15)))
    )
    (pad 2 thru_hole oval (at 5 0 90) (size 1.98 3.96) (drill 1.32) (layers *.Cu *.Mask))
    (pad 1 thru_hole rect (at 0 0 90) (size 1.98 3.96) (drill 1.32) (layers *.Cu *.Mask))
    (model ${KISYS3DMOD}/TerminalBlock.3dshapes/TerminalBlock_Altech_AK300-2_P5.00mm.wrl
      (at (xyz 0 0 0))
      (scale (xyz 1 1 1))
      (rotate (xyz 0 0 0))
    )
  )

  (module TerminalBlock:TerminalBlock_Altech_AK300-2_P5.00mm (layer F.Cu) (tedit 59FF0306) (tstamp 5CB51FD0)
    (at 208.89 109.36 90)
    (descr "Altech AK300 terminal block, pitch 5.0mm, 45 degree angled, see http://www.mouser.com/ds/2/16/PCBMETRC-24178.pdf")
    (tags "Altech AK300 terminal block pitch 5.0mm")
    (path /5CB7C3E9)
    (fp_text reference J1 (at -1.92 -6.99 90) (layer F.SilkS)
      (effects (font (size 1 1) (thickness 0.15)))
    )
    (fp_text value AudioJack2_Ground_Switch (at 2.78 7.75 90) (layer F.Fab)
      (effects (font (size 1 1) (thickness 0.15)))
    )
    (fp_text user %R (at 2.5 -2 90) (layer F.Fab)
      (effects (font (size 1 1) (thickness 0.15)))
    )
    (fp_line (start -2.65 -6.3) (end -2.65 6.3) (layer F.SilkS) (width 0.12))
    (fp_line (start -2.65 6.3) (end 7.7 6.3) (layer F.SilkS) (width 0.12))
    (fp_line (start 7.7 6.3) (end 7.7 5.35) (layer F.SilkS) (width 0.12))
    (fp_line (start 7.7 5.35) (end 8.2 5.6) (layer F.SilkS) (width 0.12))
    (fp_line (start 8.2 5.6) (end 8.2 3.7) (layer F.SilkS) (width 0.12))
    (fp_line (start 8.2 3.7) (end 8.2 3.65) (layer F.SilkS) (width 0.12))
    (fp_line (start 8.2 3.65) (end 7.7 3.9) (layer F.SilkS) (width 0.12))
    (fp_line (start 7.7 3.9) (end 7.7 -1.5) (layer F.SilkS) (width 0.12))
    (fp_line (start 7.7 -1.5) (end 8.2 -1.2) (layer F.SilkS) (width 0.12))
    (fp_line (start 8.2 -1.2) (end 8.2 -6.3) (layer F.SilkS) (width 0.12))
    (fp_line (start 8.2 -6.3) (end -2.65 -6.3) (layer F.SilkS) (width 0.12))
    (fp_line (start -1.26 2.54) (end 1.28 2.54) (layer F.Fab) (width 0.1))
    (fp_line (start 1.28 2.54) (end 1.28 -0.25) (layer F.Fab) (width 0.1))
    (fp_line (start -1.26 -0.25) (end 1.28 -0.25) (layer F.Fab) (width 0.1))
    (fp_line (start -1.26 2.54) (end -1.26 -0.25) (layer F.Fab) (width 0.1))
    (fp_line (start 3.74 2.54) (end 6.28 2.54) (layer F.Fab) (width 0.1))
    (fp_line (start 6.28 2.54) (end 6.28 -0.25) (layer F.Fab) (width 0.1))
    (fp_line (start 3.74 -0.25) (end 6.28 -0.25) (layer F.Fab) (width 0.1))
    (fp_line (start 3.74 2.54) (end 3.74 -0.25) (layer F.Fab) (width 0.1))
    (fp_line (start 7.61 -6.22) (end 7.61 -3.17) (layer F.Fab) (width 0.1))
    (fp_line (start 7.61 -6.22) (end -2.58 -6.22) (layer F.Fab) (width 0.1))
    (fp_line (start 7.61 -6.22) (end 8.11 -6.22) (layer F.Fab) (width 0.1))
    (fp_line (start 8.11 -6.22) (end 8.11 -1.4) (layer F.Fab) (width 0.1))
    (fp_line (start 8.11 -1.4) (end 7.61 -1.65) (layer F.Fab) (width 0.1))
    (fp_line (start 8.11 5.46) (end 7.61 5.21) (layer F.Fab) (width 0.1))
    (fp_line (start 7.61 5.21) (end 7.61 6.22) (layer F.Fab) (width 0.1))
    (fp_line (start 8.11 3.81) (end 7.61 4.06) (layer F.Fab) (width 0.1))
    (fp_line (start 7.61 4.06) (end 7.61 5.21) (layer F.Fab) (width 0.1))
    (fp_line (start 8.11 3.81) (end 8.11 5.46) (layer F.Fab) (width 0.1))
    (fp_line (start 2.98 6.22) (end 2.98 4.32) (layer F.Fab) (width 0.1))
    (fp_line (start 7.05 -0.25) (end 7.05 4.32) (layer F.Fab) (width 0.1))
    (fp_line (start 2.98 6.22) (end 7.05 6.22) (layer F.Fab) (width 0.1))
    (fp_line (start 7.05 6.22) (end 7.61 6.22) (layer F.Fab) (width 0.1))
    (fp_line (start 2.04 6.22) (end 2.04 4.32) (layer F.Fab) (width 0.1))
    (fp_line (start 2.04 6.22) (end 2.98 6.22) (layer F.Fab) (width 0.1))
    (fp_line (start -2.02 -0.25) (end -2.02 4.32) (layer F.Fab) (width 0.1))
    (fp_line (start -2.58 6.22) (end -2.02 6.22) (layer F.Fab) (width 0.1))
    (fp_line (start -2.02 6.22) (end 2.04 6.22) (layer F.Fab) (width 0.1))
    (fp_line (start 2.98 4.32) (end 7.05 4.32) (layer F.Fab) (width 0.1))
    (fp_line (start 2.98 4.32) (end 2.98 -0.25) (layer F.Fab) (width 0.1))
    (fp_line (start 7.05 4.32) (end 7.05 6.22) (layer F.Fab) (width 0.1))
    (fp_line (start 2.04 4.32) (end -2.02 4.32) (layer F.Fab) (width 0.1))
    (fp_line (start 2.04 4.32) (end 2.04 -0.25) (layer F.Fab) (width 0.1))
    (fp_line (start -2.02 4.32) (end -2.02 6.22) (layer F.Fab) (width 0.1))
    (fp_line (start 6.67 3.68) (end 6.67 0.51) (layer F.Fab) (width 0.1))
    (fp_line (start 6.67 3.68) (end 3.36 3.68) (layer F.Fab) (width 0.1))
    (fp_line (start 3.36 3.68) (end 3.36 0.51) (layer F.Fab) (width 0.1))
    (fp_line (start 1.66 3.68) (end 1.66 0.51) (layer F.Fab) (width 0.1))
    (fp_line (start 1.66 3.68) (end -1.64 3.68) (layer F.Fab) (width 0.1))
    (fp_line (start -1.64 3.68) (end -1.64 0.51) (layer F.Fab) (width 0.1))
    (fp_line (start -1.64 0.51) (end -1.26 0.51) (layer F.Fab) (width 0.1))
    (fp_line (start 1.66 0.51) (end 1.28 0.51) (layer F.Fab) (width 0.1))
    (fp_line (start 3.36 0.51) (end 3.74 0.51) (layer F.Fab) (width 0.1))
    (fp_line (start 6.67 0.51) (end 6.28 0.51) (layer F.Fab) (width 0.1))
    (fp_line (start -2.58 6.22) (end -2.58 -0.64) (layer F.Fab) (width 0.1))
    (fp_line (start -2.58 -0.64) (end -2.58 -3.17) (layer F.Fab) (width 0.1))
    (fp_line (start 7.61 -1.65) (end 7.61 -0.64) (layer F.Fab) (width 0.1))
    (fp_line (start 7.61 -0.64) (end 7.61 4.06) (layer F.Fab) (width 0.1))
    (fp_line (start -2.58 -3.17) (end 7.61 -3.17) (layer F.Fab) (width 0.1))
    (fp_line (start -2.58 -3.17) (end -2.58 -6.22) (layer F.Fab) (width 0.1))
    (fp_line (start 7.61 -3.17) (end 7.61 -1.65) (layer F.Fab) (width 0.1))
    (fp_line (start 2.98 -3.43) (end 2.98 -5.97) (layer F.Fab) (width 0.1))
    (fp_line (start 2.98 -5.97) (end 7.05 -5.97) (layer F.Fab) (width 0.1))
    (fp_line (start 7.05 -5.97) (end 7.05 -3.43) (layer F.Fab) (width 0.1))
    (fp_line (start 7.05 -3.43) (end 2.98 -3.43) (layer F.Fab) (width 0.1))
    (fp_line (start 2.04 -3.43) (end 2.04 -5.97) (layer F.Fab) (width 0.1))
    (fp_line (start 2.04 -3.43) (end -2.02 -3.43) (layer F.Fab) (width 0.1))
    (fp_line (start -2.02 -3.43) (end -2.02 -5.97) (layer F.Fab) (width 0.1))
    (fp_line (start 2.04 -5.97) (end -2.02 -5.97) (layer F.Fab) (width 0.1))
    (fp_line (start 3.39 -4.45) (end 6.44 -5.08) (layer F.Fab) (width 0.1))
    (fp_line (start 3.52 -4.32) (end 6.56 -4.95) (layer F.Fab) (width 0.1))
    (fp_line (start -1.62 -4.45) (end 1.44 -5.08) (layer F.Fab) (width 0.1))
    (fp_line (start -1.49 -4.32) (end 1.56 -4.95) (layer F.Fab) (width 0.1))
    (fp_line (start -2.02 -0.25) (end -1.64 -0.25) (layer F.Fab) (width 0.1))
    (fp_line (start 2.04 -0.25) (end 1.66 -0.25) (layer F.Fab) (width 0.1))
    (fp_line (start 1.66 -0.25) (end -1.64 -0.25) (layer F.Fab) (width 0.1))
    (fp_line (start -2.58 -0.64) (end -1.64 -0.64) (layer F.Fab) (width 0.1))
    (fp_line (start -1.64 -0.64) (end 1.66 -0.64) (layer F.Fab) (width 0.1))
    (fp_line (start 1.66 -0.64) (end 3.36 -0.64) (layer F.Fab) (width 0.1))
    (fp_line (start 7.61 -0.64) (end 6.67 -0.64) (layer F.Fab) (width 0.1))
    (fp_line (start 6.67 -0.64) (end 3.36 -0.64) (layer F.Fab) (width 0.1))
    (fp_line (start 7.05 -0.25) (end 6.67 -0.25) (layer F.Fab) (width 0.1))
    (fp_line (start 2.98 -0.25) (end 3.36 -0.25) (layer F.Fab) (width 0.1))
    (fp_line (start 3.36 -0.25) (end 6.67 -0.25) (layer F.Fab) (width 0.1))
    (fp_line (start -2.83 -6.47) (end 8.36 -6.47) (layer F.CrtYd) (width 0.05))
    (fp_line (start -2.83 -6.47) (end -2.83 6.47) (layer F.CrtYd) (width 0.05))
    (fp_line (start 8.36 6.47) (end 8.36 -6.47) (layer F.CrtYd) (width 0.05))
    (fp_line (start 8.36 6.47) (end -2.83 6.47) (layer F.CrtYd) (width 0.05))
    (fp_arc (start 6.03 -4.59) (end 6.54 -5.05) (angle 90.5) (layer F.Fab) (width 0.1))
    (fp_arc (start 5.07 -6.07) (end 6.53 -4.12) (angle 75.5) (layer F.Fab) (width 0.1))
    (fp_arc (start 4.99 -3.71) (end 3.39 -5) (angle 100) (layer F.Fab) (width 0.1))
    (fp_arc (start 3.87 -4.65) (end 3.58 -4.13) (angle 104.2) (layer F.Fab) (width 0.1))
    (fp_arc (start 1.03 -4.59) (end 1.53 -5.05) (angle 90.5) (layer F.Fab) (width 0.1))
    (fp_arc (start 0.06 -6.07) (end 1.53 -4.12) (angle 75.5) (layer F.Fab) (width 0.1))
    (fp_arc (start -0.01 -3.71) (end -1.62 -5) (angle 100) (layer F.Fab) (width 0.1))
    (fp_arc (start -1.13 -4.65) (end -1.42 -4.13) (angle 104.2) (layer F.Fab) (width 0.1))
    (pad 1 thru_hole rect (at 0 0 90) (size 1.98 3.96) (drill 1.32) (layers *.Cu *.Mask))
    (pad 2 thru_hole oval (at 5 0 90) (size 1.98 3.96) (drill 1.32) (layers *.Cu *.Mask))
    (model ${KISYS3DMOD}/TerminalBlock.3dshapes/TerminalBlock_Altech_AK300-2_P5.00mm.wrl
      (at (xyz 0 0 0))
      (scale (xyz 1 1 1))
      (rotate (xyz 0 0 0))
    )
  )

  (module Capacitor_SMD:C_0603_1608Metric_Pad1.05x0.95mm_HandSolder (layer F.Cu) (tedit 5B301BBE) (tstamp 5CB510DB)
    (at 212.7 120.395 90)
    (descr "Capacitor SMD 0603 (1608 Metric), square (rectangular) end terminal, IPC_7351 nominal with elongated pad for handsoldering. (Body size source: http://www.tortai-tech.com/upload/download/2011102023233369053.pdf), generated with kicad-footprint-generator")
    (tags "capacitor handsolder")
    (path /5CCCE97F)
    (attr smd)
    (fp_text reference C11 (at 0 -1.43 90) (layer F.SilkS)
      (effects (font (size 1 1) (thickness 0.15)))
    )
    (fp_text value 100uF (at 0 1.43 90) (layer F.Fab)
      (effects (font (size 1 1) (thickness 0.15)))
    )
    (fp_text user %R (at 0 0 90) (layer F.Fab)
      (effects (font (size 0.4 0.4) (thickness 0.06)))
    )
    (fp_line (start 1.65 0.73) (end -1.65 0.73) (layer F.CrtYd) (width 0.05))
    (fp_line (start 1.65 -0.73) (end 1.65 0.73) (layer F.CrtYd) (width 0.05))
    (fp_line (start -1.65 -0.73) (end 1.65 -0.73) (layer F.CrtYd) (width 0.05))
    (fp_line (start -1.65 0.73) (end -1.65 -0.73) (layer F.CrtYd) (width 0.05))
    (fp_line (start -0.171267 0.51) (end 0.171267 0.51) (layer F.SilkS) (width 0.12))
    (fp_line (start -0.171267 -0.51) (end 0.171267 -0.51) (layer F.SilkS) (width 0.12))
    (fp_line (start 0.8 0.4) (end -0.8 0.4) (layer F.Fab) (width 0.1))
    (fp_line (start 0.8 -0.4) (end 0.8 0.4) (layer F.Fab) (width 0.1))
    (fp_line (start -0.8 -0.4) (end 0.8 -0.4) (layer F.Fab) (width 0.1))
    (fp_line (start -0.8 0.4) (end -0.8 -0.4) (layer F.Fab) (width 0.1))
    (pad 2 smd roundrect (at 0.875 0 90) (size 1.05 0.95) (layers F.Cu F.Paste F.Mask) (roundrect_rratio 0.25)
      (net 46 "Net-(C11-Pad2)"))
    (pad 1 smd roundrect (at -0.875 0 90) (size 1.05 0.95) (layers F.Cu F.Paste F.Mask) (roundrect_rratio 0.25)
      (net 37 "Net-(C11-Pad1)"))
    (model ${KISYS3DMOD}/Capacitor_SMD.3dshapes/C_0603_1608Metric.wrl
      (at (xyz 0 0 0))
      (scale (xyz 1 1 1))
      (rotate (xyz 0 0 0))
    )
  )

  (module Capacitor_SMD:C_0603_1608Metric_Pad1.05x0.95mm_HandSolder (layer F.Cu) (tedit 5B301BBE) (tstamp 5CB510CA)
    (at 254.215 129.68)
    (descr "Capacitor SMD 0603 (1608 Metric), square (rectangular) end terminal, IPC_7351 nominal with elongated pad for handsoldering. (Body size source: http://www.tortai-tech.com/upload/download/2011102023233369053.pdf), generated with kicad-footprint-generator")
    (tags "capacitor handsolder")
    (path /5CB3C3B4)
    (attr smd)
    (fp_text reference C13 (at 0 -1.43) (layer F.SilkS)
      (effects (font (size 1 1) (thickness 0.15)))
    )
    (fp_text value "0.1 uF" (at 0 1.43) (layer F.Fab)
      (effects (font (size 1 1) (thickness 0.15)))
    )
    (fp_line (start -0.8 0.4) (end -0.8 -0.4) (layer F.Fab) (width 0.1))
    (fp_line (start -0.8 -0.4) (end 0.8 -0.4) (layer F.Fab) (width 0.1))
    (fp_line (start 0.8 -0.4) (end 0.8 0.4) (layer F.Fab) (width 0.1))
    (fp_line (start 0.8 0.4) (end -0.8 0.4) (layer F.Fab) (width 0.1))
    (fp_line (start -0.171267 -0.51) (end 0.171267 -0.51) (layer F.SilkS) (width 0.12))
    (fp_line (start -0.171267 0.51) (end 0.171267 0.51) (layer F.SilkS) (width 0.12))
    (fp_line (start -1.65 0.73) (end -1.65 -0.73) (layer F.CrtYd) (width 0.05))
    (fp_line (start -1.65 -0.73) (end 1.65 -0.73) (layer F.CrtYd) (width 0.05))
    (fp_line (start 1.65 -0.73) (end 1.65 0.73) (layer F.CrtYd) (width 0.05))
    (fp_line (start 1.65 0.73) (end -1.65 0.73) (layer F.CrtYd) (width 0.05))
    (fp_text user %R (at 0 0) (layer F.Fab)
      (effects (font (size 0.4 0.4) (thickness 0.06)))
    )
    (pad 1 smd roundrect (at -0.875 0) (size 1.05 0.95) (layers F.Cu F.Paste F.Mask) (roundrect_rratio 0.25)
      (net 45 "Net-(C10-Pad1)"))
    (pad 2 smd roundrect (at 0.875 0) (size 1.05 0.95) (layers F.Cu F.Paste F.Mask) (roundrect_rratio 0.25)
      (net 3 GND))
    (model ${KISYS3DMOD}/Capacitor_SMD.3dshapes/C_0603_1608Metric.wrl
      (at (xyz 0 0 0))
      (scale (xyz 1 1 1))
      (rotate (xyz 0 0 0))
    )
  )

  (module Capacitor_SMD:C_0603_1608Metric_Pad1.05x0.95mm_HandSolder (layer F.Cu) (tedit 5B301BBE) (tstamp 5CB510B9)
    (at 253.735 134.76)
    (descr "Capacitor SMD 0603 (1608 Metric), square (rectangular) end terminal, IPC_7351 nominal with elongated pad for handsoldering. (Body size source: http://www.tortai-tech.com/upload/download/2011102023233369053.pdf), generated with kicad-footprint-generator")
    (tags "capacitor handsolder")
    (path /5CAC72FA)
    (attr smd)
    (fp_text reference C3 (at 0 -1.43) (layer F.SilkS)
      (effects (font (size 1 1) (thickness 0.15)))
    )
    (fp_text value 10uF (at 0 1.43) (layer F.Fab)
      (effects (font (size 1 1) (thickness 0.15)))
    )
    (fp_text user %R (at 0 0) (layer F.Fab)
      (effects (font (size 0.4 0.4) (thickness 0.06)))
    )
    (fp_line (start 1.65 0.73) (end -1.65 0.73) (layer F.CrtYd) (width 0.05))
    (fp_line (start 1.65 -0.73) (end 1.65 0.73) (layer F.CrtYd) (width 0.05))
    (fp_line (start -1.65 -0.73) (end 1.65 -0.73) (layer F.CrtYd) (width 0.05))
    (fp_line (start -1.65 0.73) (end -1.65 -0.73) (layer F.CrtYd) (width 0.05))
    (fp_line (start -0.171267 0.51) (end 0.171267 0.51) (layer F.SilkS) (width 0.12))
    (fp_line (start -0.171267 -0.51) (end 0.171267 -0.51) (layer F.SilkS) (width 0.12))
    (fp_line (start 0.8 0.4) (end -0.8 0.4) (layer F.Fab) (width 0.1))
    (fp_line (start 0.8 -0.4) (end 0.8 0.4) (layer F.Fab) (width 0.1))
    (fp_line (start -0.8 -0.4) (end 0.8 -0.4) (layer F.Fab) (width 0.1))
    (fp_line (start -0.8 0.4) (end -0.8 -0.4) (layer F.Fab) (width 0.1))
    (pad 2 smd roundrect (at 0.875 0) (size 1.05 0.95) (layers F.Cu F.Paste F.Mask) (roundrect_rratio 0.25)
      (net 3 GND))
    (pad 1 smd roundrect (at -0.875 0) (size 1.05 0.95) (layers F.Cu F.Paste F.Mask) (roundrect_rratio 0.25)
      (net 1 +3V3))
    (model ${KISYS3DMOD}/Capacitor_SMD.3dshapes/C_0603_1608Metric.wrl
      (at (xyz 0 0 0))
      (scale (xyz 1 1 1))
      (rotate (xyz 0 0 0))
    )
  )

  (module Capacitor_SMD:C_0603_1608Metric_Pad1.05x0.95mm_HandSolder (layer F.Cu) (tedit 5B301BBE) (tstamp 5CB510A8)
    (at 253.735 139.84)
    (descr "Capacitor SMD 0603 (1608 Metric), square (rectangular) end terminal, IPC_7351 nominal with elongated pad for handsoldering. (Body size source: http://www.tortai-tech.com/upload/download/2011102023233369053.pdf), generated with kicad-footprint-generator")
    (tags "capacitor handsolder")
    (path /5CAC74CE)
    (attr smd)
    (fp_text reference C4 (at 0 -1.43) (layer F.SilkS)
      (effects (font (size 1 1) (thickness 0.15)))
    )
    (fp_text value 0.1uF (at 0 1.43) (layer F.Fab)
      (effects (font (size 1 1) (thickness 0.15)))
    )
    (fp_line (start -0.8 0.4) (end -0.8 -0.4) (layer F.Fab) (width 0.1))
    (fp_line (start -0.8 -0.4) (end 0.8 -0.4) (layer F.Fab) (width 0.1))
    (fp_line (start 0.8 -0.4) (end 0.8 0.4) (layer F.Fab) (width 0.1))
    (fp_line (start 0.8 0.4) (end -0.8 0.4) (layer F.Fab) (width 0.1))
    (fp_line (start -0.171267 -0.51) (end 0.171267 -0.51) (layer F.SilkS) (width 0.12))
    (fp_line (start -0.171267 0.51) (end 0.171267 0.51) (layer F.SilkS) (width 0.12))
    (fp_line (start -1.65 0.73) (end -1.65 -0.73) (layer F.CrtYd) (width 0.05))
    (fp_line (start -1.65 -0.73) (end 1.65 -0.73) (layer F.CrtYd) (width 0.05))
    (fp_line (start 1.65 -0.73) (end 1.65 0.73) (layer F.CrtYd) (width 0.05))
    (fp_line (start 1.65 0.73) (end -1.65 0.73) (layer F.CrtYd) (width 0.05))
    (fp_text user %R (at 0 0) (layer F.Fab)
      (effects (font (size 0.4 0.4) (thickness 0.06)))
    )
    (pad 1 smd roundrect (at -0.875 0) (size 1.05 0.95) (layers F.Cu F.Paste F.Mask) (roundrect_rratio 0.25)
      (net 1 +3V3))
    (pad 2 smd roundrect (at 0.875 0) (size 1.05 0.95) (layers F.Cu F.Paste F.Mask) (roundrect_rratio 0.25)
      (net 3 GND))
    (model ${KISYS3DMOD}/Capacitor_SMD.3dshapes/C_0603_1608Metric.wrl
      (at (xyz 0 0 0))
      (scale (xyz 1 1 1))
      (rotate (xyz 0 0 0))
    )
  )

  (module Capacitor_SMD:C_0603_1608Metric_Pad1.05x0.95mm_HandSolder (layer F.Cu) (tedit 5B301BBE) (tstamp 5CB51097)
    (at 253.735 132.22)
    (descr "Capacitor SMD 0603 (1608 Metric), square (rectangular) end terminal, IPC_7351 nominal with elongated pad for handsoldering. (Body size source: http://www.tortai-tech.com/upload/download/2011102023233369053.pdf), generated with kicad-footprint-generator")
    (tags "capacitor handsolder")
    (path /5CAC752E)
    (attr smd)
    (fp_text reference C5 (at 0 -1.43) (layer F.SilkS)
      (effects (font (size 1 1) (thickness 0.15)))
    )
    (fp_text value 10uF (at 0 1.43) (layer F.Fab)
      (effects (font (size 1 1) (thickness 0.15)))
    )
    (fp_text user %R (at 0 0) (layer F.Fab)
      (effects (font (size 0.4 0.4) (thickness 0.06)))
    )
    (fp_line (start 1.65 0.73) (end -1.65 0.73) (layer F.CrtYd) (width 0.05))
    (fp_line (start 1.65 -0.73) (end 1.65 0.73) (layer F.CrtYd) (width 0.05))
    (fp_line (start -1.65 -0.73) (end 1.65 -0.73) (layer F.CrtYd) (width 0.05))
    (fp_line (start -1.65 0.73) (end -1.65 -0.73) (layer F.CrtYd) (width 0.05))
    (fp_line (start -0.171267 0.51) (end 0.171267 0.51) (layer F.SilkS) (width 0.12))
    (fp_line (start -0.171267 -0.51) (end 0.171267 -0.51) (layer F.SilkS) (width 0.12))
    (fp_line (start 0.8 0.4) (end -0.8 0.4) (layer F.Fab) (width 0.1))
    (fp_line (start 0.8 -0.4) (end 0.8 0.4) (layer F.Fab) (width 0.1))
    (fp_line (start -0.8 -0.4) (end 0.8 -0.4) (layer F.Fab) (width 0.1))
    (fp_line (start -0.8 0.4) (end -0.8 -0.4) (layer F.Fab) (width 0.1))
    (pad 2 smd roundrect (at 0.875 0) (size 1.05 0.95) (layers F.Cu F.Paste F.Mask) (roundrect_rratio 0.25)
      (net 3 GND))
    (pad 1 smd roundrect (at -0.875 0) (size 1.05 0.95) (layers F.Cu F.Paste F.Mask) (roundrect_rratio 0.25)
      (net 42 "Net-(C5-Pad1)"))
    (model ${KISYS3DMOD}/Capacitor_SMD.3dshapes/C_0603_1608Metric.wrl
      (at (xyz 0 0 0))
      (scale (xyz 1 1 1))
      (rotate (xyz 0 0 0))
    )
  )

  (module Capacitor_SMD:C_0603_1608Metric_Pad1.05x0.95mm_HandSolder (layer F.Cu) (tedit 5B301BBE) (tstamp 5CB51086)
    (at 236.83 104.28 270)
    (descr "Capacitor SMD 0603 (1608 Metric), square (rectangular) end terminal, IPC_7351 nominal with elongated pad for handsoldering. (Body size source: http://www.tortai-tech.com/upload/download/2011102023233369053.pdf), generated with kicad-footprint-generator")
    (tags "capacitor handsolder")
    (path /5CB3C894)
    (attr smd)
    (fp_text reference C10 (at 0 -1.43 270) (layer F.SilkS)
      (effects (font (size 1 1) (thickness 0.15)))
    )
    (fp_text value 10uF (at 0 1.43 270) (layer F.Fab)
      (effects (font (size 1 1) (thickness 0.15)))
    )
    (fp_line (start -0.8 0.4) (end -0.8 -0.4) (layer F.Fab) (width 0.1))
    (fp_line (start -0.8 -0.4) (end 0.8 -0.4) (layer F.Fab) (width 0.1))
    (fp_line (start 0.8 -0.4) (end 0.8 0.4) (layer F.Fab) (width 0.1))
    (fp_line (start 0.8 0.4) (end -0.8 0.4) (layer F.Fab) (width 0.1))
    (fp_line (start -0.171267 -0.51) (end 0.171267 -0.51) (layer F.SilkS) (width 0.12))
    (fp_line (start -0.171267 0.51) (end 0.171267 0.51) (layer F.SilkS) (width 0.12))
    (fp_line (start -1.65 0.73) (end -1.65 -0.73) (layer F.CrtYd) (width 0.05))
    (fp_line (start -1.65 -0.73) (end 1.65 -0.73) (layer F.CrtYd) (width 0.05))
    (fp_line (start 1.65 -0.73) (end 1.65 0.73) (layer F.CrtYd) (width 0.05))
    (fp_line (start 1.65 0.73) (end -1.65 0.73) (layer F.CrtYd) (width 0.05))
    (fp_text user %R (at 0 0 270) (layer F.Fab)
      (effects (font (size 0.4 0.4) (thickness 0.06)))
    )
    (pad 1 smd roundrect (at -0.875 0 270) (size 1.05 0.95) (layers F.Cu F.Paste F.Mask) (roundrect_rratio 0.25)
      (net 45 "Net-(C10-Pad1)"))
    (pad 2 smd roundrect (at 0.875 0 270) (size 1.05 0.95) (layers F.Cu F.Paste F.Mask) (roundrect_rratio 0.25)
      (net 3 GND))
    (model ${KISYS3DMOD}/Capacitor_SMD.3dshapes/C_0603_1608Metric.wrl
      (at (xyz 0 0 0))
      (scale (xyz 1 1 1))
      (rotate (xyz 0 0 0))
    )
  )

  (module Capacitor_SMD:C_0805_2012Metric_Pad1.15x1.40mm_HandSolder (layer F.Cu) (tedit 5B36C52B) (tstamp 5CB51075)
    (at 216.265 120.545 90)
    (descr "Capacitor SMD 0805 (2012 Metric), square (rectangular) end terminal, IPC_7351 nominal with elongated pad for handsoldering. (Body size source: https://docs.google.com/spreadsheets/d/1BsfQQcO9C6DZCsRaXUlFlo91Tg2WpOkGARC1WS5S8t0/edit?usp=sharing), generated with kicad-footprint-generator")
    (tags "capacitor handsolder")
    (path /5CB3C83A)
    (attr smd)
    (fp_text reference C12 (at 0 -1.65 90) (layer F.SilkS)
      (effects (font (size 1 1) (thickness 0.15)))
    )
    (fp_text value "0.1 uF" (at 0 1.65 90) (layer F.Fab)
      (effects (font (size 1 1) (thickness 0.15)))
    )
    (fp_line (start -1 0.6) (end -1 -0.6) (layer F.Fab) (width 0.1))
    (fp_line (start -1 -0.6) (end 1 -0.6) (layer F.Fab) (width 0.1))
    (fp_line (start 1 -0.6) (end 1 0.6) (layer F.Fab) (width 0.1))
    (fp_line (start 1 0.6) (end -1 0.6) (layer F.Fab) (width 0.1))
    (fp_line (start -0.261252 -0.71) (end 0.261252 -0.71) (layer F.SilkS) (width 0.12))
    (fp_line (start -0.261252 0.71) (end 0.261252 0.71) (layer F.SilkS) (width 0.12))
    (fp_line (start -1.85 0.95) (end -1.85 -0.95) (layer F.CrtYd) (width 0.05))
    (fp_line (start -1.85 -0.95) (end 1.85 -0.95) (layer F.CrtYd) (width 0.05))
    (fp_line (start 1.85 -0.95) (end 1.85 0.95) (layer F.CrtYd) (width 0.05))
    (fp_line (start 1.85 0.95) (end -1.85 0.95) (layer F.CrtYd) (width 0.05))
    (fp_text user %R (at 0 0 90) (layer F.Fab)
      (effects (font (size 0.5 0.5) (thickness 0.08)))
    )
    (pad 1 smd roundrect (at -1.025 0 90) (size 1.15 1.4) (layers F.Cu F.Paste F.Mask) (roundrect_rratio 0.217391)
      (net 45 "Net-(C10-Pad1)"))
    (pad 2 smd roundrect (at 1.025 0 90) (size 1.15 1.4) (layers F.Cu F.Paste F.Mask) (roundrect_rratio 0.217391)
      (net 3 GND))
    (model ${KISYS3DMOD}/Capacitor_SMD.3dshapes/C_0805_2012Metric.wrl
      (at (xyz 0 0 0))
      (scale (xyz 1 1 1))
      (rotate (xyz 0 0 0))
    )
  )

  (module Capacitor_SMD:C_0805_2012Metric_Pad1.15x1.40mm_HandSolder (layer F.Cu) (tedit 5B36C52B) (tstamp 5CB51064)
    (at 253.095 122.06)
    (descr "Capacitor SMD 0805 (2012 Metric), square (rectangular) end terminal, IPC_7351 nominal with elongated pad for handsoldering. (Body size source: https://docs.google.com/spreadsheets/d/1BsfQQcO9C6DZCsRaXUlFlo91Tg2WpOkGARC1WS5S8t0/edit?usp=sharing), generated with kicad-footprint-generator")
    (tags "capacitor handsolder")
    (path /5CB8B521)
    (attr smd)
    (fp_text reference C2 (at 0 -1.65) (layer F.SilkS)
      (effects (font (size 1 1) (thickness 0.15)))
    )
    (fp_text value 10uF (at 0 1.65) (layer F.Fab)
      (effects (font (size 1 1) (thickness 0.15)))
    )
    (fp_text user %R (at 0 0) (layer F.Fab)
      (effects (font (size 0.5 0.5) (thickness 0.08)))
    )
    (fp_line (start 1.85 0.95) (end -1.85 0.95) (layer F.CrtYd) (width 0.05))
    (fp_line (start 1.85 -0.95) (end 1.85 0.95) (layer F.CrtYd) (width 0.05))
    (fp_line (start -1.85 -0.95) (end 1.85 -0.95) (layer F.CrtYd) (width 0.05))
    (fp_line (start -1.85 0.95) (end -1.85 -0.95) (layer F.CrtYd) (width 0.05))
    (fp_line (start -0.261252 0.71) (end 0.261252 0.71) (layer F.SilkS) (width 0.12))
    (fp_line (start -0.261252 -0.71) (end 0.261252 -0.71) (layer F.SilkS) (width 0.12))
    (fp_line (start 1 0.6) (end -1 0.6) (layer F.Fab) (width 0.1))
    (fp_line (start 1 -0.6) (end 1 0.6) (layer F.Fab) (width 0.1))
    (fp_line (start -1 -0.6) (end 1 -0.6) (layer F.Fab) (width 0.1))
    (fp_line (start -1 0.6) (end -1 -0.6) (layer F.Fab) (width 0.1))
    (pad 2 smd roundrect (at 1.025 0) (size 1.15 1.4) (layers F.Cu F.Paste F.Mask) (roundrect_rratio 0.217391)
      (net 40 "Net-(C2-Pad2)"))
    (pad 1 smd roundrect (at -1.025 0) (size 1.15 1.4) (layers F.Cu F.Paste F.Mask) (roundrect_rratio 0.217391)
      (net 41 "Net-(C2-Pad1)"))
    (model ${KISYS3DMOD}/Capacitor_SMD.3dshapes/C_0805_2012Metric.wrl
      (at (xyz 0 0 0))
      (scale (xyz 1 1 1))
      (rotate (xyz 0 0 0))
    )
  )

  (module Capacitor_SMD:C_0805_2012Metric_Pad1.15x1.40mm_HandSolder (layer F.Cu) (tedit 5B36C52B) (tstamp 5CB51053)
    (at 217.535 134.76 180)
    (descr "Capacitor SMD 0805 (2012 Metric), square (rectangular) end terminal, IPC_7351 nominal with elongated pad for handsoldering. (Body size source: https://docs.google.com/spreadsheets/d/1BsfQQcO9C6DZCsRaXUlFlo91Tg2WpOkGARC1WS5S8t0/edit?usp=sharing), generated with kicad-footprint-generator")
    (tags "capacitor handsolder")
    (path /5CBB7FDB)
    (attr smd)
    (fp_text reference C7 (at 0 -1.65 180) (layer F.SilkS)
      (effects (font (size 1 1) (thickness 0.15)))
    )
    (fp_text value 0.1uF (at 0 1.65 180) (layer F.Fab)
      (effects (font (size 1 1) (thickness 0.15)))
    )
    (fp_line (start -1 0.6) (end -1 -0.6) (layer F.Fab) (width 0.1))
    (fp_line (start -1 -0.6) (end 1 -0.6) (layer F.Fab) (width 0.1))
    (fp_line (start 1 -0.6) (end 1 0.6) (layer F.Fab) (width 0.1))
    (fp_line (start 1 0.6) (end -1 0.6) (layer F.Fab) (width 0.1))
    (fp_line (start -0.261252 -0.71) (end 0.261252 -0.71) (layer F.SilkS) (width 0.12))
    (fp_line (start -0.261252 0.71) (end 0.261252 0.71) (layer F.SilkS) (width 0.12))
    (fp_line (start -1.85 0.95) (end -1.85 -0.95) (layer F.CrtYd) (width 0.05))
